# Head camera intrinsics exported from MATLAB Camera Calibrator.
# Source: /media/terry/新加卷/Terry/Learning/cameraParams_struct.mat

camera_name: head_camera
model: pinhole_radial_tangential
image_width: 1280
image_height: 720
image_size: [720, 1280]

intrinsic_matrix:
  rows: 3
  cols: 3
  data:
    - [1435.4635473878552, 0.0, 634.0972231491008]
    - [0.0, 1425.1383220972552, 323.9513272756298]
    - [0.0, 0.0, 1.0]

focal_length_px: [1435.4635473878552, 1425.1383220972552]
principal_point_px: [634.0972231491008, 323.9513272756298]

# OpenCV order: [k1, k2, p1, p2, k3].
distortion_model: opencv_5
distortion_coefficients: [0.11181378004334334, -0.11107335501214415, 0.0, 0.0, 0.0]
radial_distortion: [0.11181378004334334, -0.11107335501214415]
tangential_distortion: [0.0, 0.0]

calibration:
  source_tool: matlab_camera_calibrator
  source_file: /media/terry/新加卷/Terry/Learning/cameraParams_struct.mat
  source_world_units: millimeters
  num_images: 15
  num_keypoints_per_image: 48
  mean_reprojection_error_px: 0.2476114605639183
  median_reprojection_error_px: 0.2072222925920249
  p95_reprojection_error_px: 0.5992276643597501
  max_reprojection_error_px: 1.2208040158861602
  estimate_skew: false
  estimate_tangential_distortion: false

notes:
  - Valid only for 1280x720 capture from the verified head camera stream.
  - Do not reuse for 640x480 because the aspect ratio/FOV differs.
  - This is intrinsics only; camera-to-base extrinsics are not calibrated yet.
